203.97,170.47,0
215.45,167.60,0
223.24,182.54,0
155.12,162.78,0
181.67,178.20,0
192.19,182.62,0
217.31,194.73,0
263.55,194.37,0
210.47,176.12,0
144.89,167.81,0
206.29,175.92,0
181.99,178.19,0
204.59,175.43,0
243.86,188.85,0
197.56,189.94,0
224.42,180.12,0
201.97,164.70,0
173.92,169.49,0
167.59,171.17,0
245.54,185.02,0
217.09,181.83,0
186.47,172.31,0
208.32,173.04,0
218.39,187.62,0
171.79,169.82,0
210.01,174.34,0
210.68,170.51,0
195.01,184.92,0
217.47,178.10,0
218.21,183.33,0
184.26,182.15,0
220.42,185.84,0
187.09,176.44,0
145.95,166.93,0
231.29,184.40,0
223.99,178.55,0
227.82,187.95,0
243.39,185.40,0
205.25,175.85,0
205.63,175.13,0
215.88,180.32,0
225.63,183.01,0
240.47,187.31,0
158.72,173.11,0
185.09,176.79,0
242.97,189.59,0
119.13,152.72,0
239.25,182.73,0
167.61,178.21,0
171.75,175.20,0
173.17,168.41,0
163.12,169.02,0
155.71,169.21,0
214.99,187.20,0
237.63,183.95,0
212.28,174.43,0
193.19,173.81,0
257.39,188.00,0
137.58,156.89,0
156.43,167.63,0
219.53,185.03,0
173.25,178.96,0
252.56,196.29,0
195.14,187.67,0
150.54,168.13,0
240.94,189.54,0
188.92,182.54,0
176.84,172.07,0
234.47,175.64,0
202.29,179.19,0
214.17,179.20,0
173.10,175.74,0
208.00,186.62,0
178.16,180.76,0
193.63,178.56,0
129.89,165.31,0
175.10,171.40,0
205.95,181.61,0
168.72,167.62,0
275.85,189.07,0
249.57,190.19,0
196.15,181.87,0
145.79,171.49,0
229.93,189.82,0
185.41,173.67,0
168.37,172.77,0
252.31,188.03,0
195.53,184.07,0
193.36,177.35,0
206.44,180.45,0
231.44,185.00,0
149.26,166.21,0
193.43,180.58,0
156.26,164.51,0
215.88,169.44,0
219.33,180.35,0
179.97,175.14,0
182.73,165.91,0
186.71,176.31,0
237.28,186.75,0
198.68,178.95,0
130.64,168.50,0
197.72,179.87,0
222.55,184.65,0
227.28,188.31,0
188.29,181.33,0
123.24,167.18,0
210.09,177.22,0
161.90,180.17,0
171.68,172.21,0
206.10,187.31,0
231.34,181.75,0
216.30,178.95,0
213.82,172.48,0
145.05,159.48,0
119.18,165.40,0
192.27,177.42,0
141.19,166.02,0
222.66,183.08,0
173.49,173.78,0
210.39,177.11,0
189.20,173.52,0
209.14,180.50,0
206.02,177.85,0
141.73,175.97,0
209.05,174.00,0
198.94,173.33,0
207.52,170.12,0
190.23,173.33,0
258.74,200.14,0
232.69,195.49,0
211.56,179.79,0
241.01,181.97,0
229.79,181.61,0
204.00,177.42,0
156.97,170.81,0
208.62,187.46,0
200.21,180.93,0
203.41,176.68,0
212.26,177.82,0
172.46,170.64,0
132.75,168.85,0
189.49,180.70,0
196.25,174.84,0
173.85,176.52,0
212.72,171.95,0
225.43,180.31,0
186.33,181.02,0
205.98,182.96,0
233.59,191.46,0
180.16,184.79,0
206.31,171.66,0
198.15,173.00,0
218.12,178.47,0
211.84,182.86,0
203.93,183.30,0
203.08,177.66,0
219.14,186.93,0
192.35,174.27,0
199.90,172.92,0
196.40,175.29,0
198.96,174.56,0
136.84,162.67,0
208.76,172.08,0
230.77,185.10,0
268.58,189.07,0
231.80,183.06,0
191.31,182.45,0
180.98,169.09,0
223.71,179.71,0
161.18,160.30,0
150.45,170.14,0
243.94,184.43,0
203.37,193.06,0
142.39,170.90,0
190.30,172.56,0
174.38,174.59,0
216.64,175.71,0
215.10,182.51,0
188.81,173.97,0
147.00,165.64,0
192.11,174.84,0
187.83,176.03,0
184.03,166.40,0
143.49,158.26,0
251.29,187.26,0
196.69,177.08,0
227.95,186.60,0
149.64,168.42,0
209.28,177.94,0
255.84,191.63,0
179.14,179.14,0
183.01,179.54,0
166.17,158.86,0
198.82,171.07,0
167.38,172.59,0
247.16,183.80,0
177.45,169.65,0
210.61,182.83,0
263.16,185.87,0
211.32,182.52,0
185.80,173.69,0
169.23,171.94,0
195.49,188.99,0
163.38,169.07,0
105.68,161.28,0
209.02,179.06,0
168.99,186.78,0
172.52,175.56,0
231.24,185.20,0
233.33,181.98,0
219.09,172.37,0
189.08,178.88,0
312.48,202.24,0
148.24,161.18,0
121.05,155.77,0
212.06,188.17,0
209.50,185.00,0
229.57,183.84,0
238.02,178.49,0
191.46,172.05,0
269.42,197.32,0
143.11,170.76,0
144.79,164.05,0
171.85,178.27,0
217.78,194.14,0
205.46,178.84,0
219.97,185.32,0
136.39,165.92,0
202.14,178.66,0
188.06,176.70,0
154.84,173.05,0
162.72,168.61,0
215.62,171.32,0
237.33,181.63,0
159.42,170.48,0
196.16,178.52,0
163.05,170.08,0
268.38,193.64,0
162.37,165.90,0
216.64,180.04,0
217.78,181.87,0
243.99,188.50,0
226.28,185.90,0
175.81,166.20,0
177.87,168.05,0
215.12,177.21,0
173.99,167.56,0
240.24,188.58,0
186.85,178.81,0
237.96,177.81,0
259.48,187.60,0
203.15,177.06,0
224.23,190.90,0
191.13,179.10,0
141.47,166.06,0
173.57,170.65,0
170.30,170.40,0
235.77,175.89,0
197.93,179.99,0
167.77,169.21,0
177.98,177.63,0
218.12,183.79,0
207.25,174.92,0
225.24,180.90,0
242.78,190.52,0
256.73,192.59,0
202.05,175.51,0
171.68,169.89,0
176.45,167.07,0
216.70,187.36,0
170.12,175.32,0
236.91,172.12,0
180.89,178.55,0
197.81,167.35,0
185.26,176.59,0
187.73,183.03,0
168.40,180.78,0
233.22,177.27,0
172.64,165.45,0
132.09,165.24,0
203.68,180.07,0
166.47,165.03,0
184.07,173.27,0
125.34,168.78,0
161.76,169.62,0
228.35,185.25,0
154.49,171.16,0
161.75,170.65,0
216.59,176.50,0
210.72,177.75,0
212.80,178.46,0
218.36,180.67,0
189.22,171.29,0
259.42,199.45,0
212.83,178.91,0
169.82,174.42,0
144.14,165.36,0
177.81,185.84,0
193.13,172.78,0
198.89,175.47,0
179.69,172.65,0
196.76,169.22,0
233.30,181.43,0
157.61,166.97,0
149.27,166.27,0
185.96,172.29,0
201.89,181.19,0
213.79,186.09,0
160.38,163.05,0
146.95,171.97,0
178.84,159.65,0
214.15,173.44,0
179.20,168.57,0
223.74,192.78,0
196.39,178.14,0
174.31,162.00,0
216.78,195.73,0
214.18,181.62,0
203.00,192.69,0
203.20,184.25,0
206.63,179.26,0
178.27,165.28,0
208.61,177.33,0
200.06,175.32,0
231.93,180.89,0
110.90,168.28,0
185.07,179.33,0
164.99,167.13,0
173.99,167.82,0
123.33,165.81,0
187.67,188.53,0
174.94,164.59,0
275.93,194.99,0
180.96,167.01,0
166.22,168.30,0
204.80,182.34,0
192.40,176.07,0
244.35,188.89,0
144.98,165.59,0
215.73,184.76,0
118.17,170.03,0
163.62,173.17,0
194.17,189.95,0
243.64,193.88,0
255.99,195.02,0
206.14,171.14,0
161.79,181.41,0
172.74,179.16,0
248.35,187.36,0
164.42,170.68,0
197.59,184.05,0
224.85,178.31,0
257.72,189.21,0
242.76,192.50,0
206.22,173.30,0
133.32,159.15,0
176.06,184.30,0
213.49,174.05,0
164.87,165.14,0
256.51,184.16,0
220.65,183.41,0
156.34,171.40,0
136.41,170.76,0
151.95,160.85,0
216.80,185.36,0
200.76,180.60,0
230.63,187.43,0
191.07,174.50,0
193.21,178.50,0
202.47,179.40,0
283.61,193.47,0
145.90,160.10,0
175.87,178.76,0
185.57,180.06,0
134.40,155.84,0
217.03,174.69,0
136.53,157.73,0
219.72,180.85,0
123.55,174.91,0
169.34,175.59,0
208.92,176.81,0
238.69,190.04,0
164.65,172.65,0
172.05,173.82,0
163.63,169.33,0
218.92,186.24,0
244.97,187.83,0
152.75,173.70,0
192.39,172.34,0
172.53,175.62,0
185.39,184.04,0
183.52,171.62,0
191.70,177.66,0
195.56,174.81,0
202.22,177.47,0
263.05,197.70,0
232.96,187.55,0
172.81,169.44,0
197.75,173.70,0
184.66,170.07,0
205.70,188.60,0
233.42,193.42,0
231.93,176.10,0
230.83,172.16,0
239.33,181.09,0
180.98,176.47,0
257.92,193.36,0
209.22,186.53,0
133.48,160.82,0
216.64,179.27,0
203.01,180.43,0
216.15,181.38,0
257.75,181.85,0
133.89,166.36,0
177.37,170.14,0
239.66,184.88,0
173.41,184.04,0
184.16,163.82,0
220.28,172.46,0
197.03,174.74,0
189.05,180.85,0
189.85,177.02,0
132.48,170.55,0
146.45,168.18,0
193.52,171.76,0
158.13,168.30,0
129.72,169.44,0
163.31,169.58,0
145.26,172.81,0
196.85,176.10,0
171.70,175.16,0
169.67,172.97,0
252.99,179.34,0
164.58,170.03,0
156.05,175.16,0
221.10,177.24,0
201.31,178.97,0
152.40,164.96,0
191.73,174.99,0
104.91,166.41,0
135.59,173.69,0
229.23,177.37,0
270.96,194.76,0
157.31,172.24,0
191.40,183.95,0
159.33,174.90,0
164.69,156.75,0
190.64,175.93,0
207.66,187.37,0
226.49,178.28,0
164.48,180.63,0
168.70,170.06,0
209.19,174.02,0
191.79,178.83,0
213.68,181.36,0
218.13,177.68,0
257.11,192.80,0
217.89,177.58,0
182.34,174.65,0
199.11,173.95,0
204.30,174.70,0
219.00,176.11,0
152.58,161.62,0
214.31,171.48,0
181.28,169.22,0
209.65,181.43,0
190.02,177.63,0
182.10,170.25,0
198.64,176.82,0
126.61,150.14,0
201.17,178.90,0
228.27,181.92,0
210.27,171.46,0
274.27,199.39,0
214.71,176.36,0
176.39,176.05,0
170.54,176.78,0
222.82,177.99,0
202.93,175.42,0
173.15,170.17,0
198.57,167.43,0
180.18,175.30,0
171.57,170.33,0
225.07,175.12,0
223.65,183.41,0
222.88,181.33,0
184.62,176.18,0
193.89,180.37,0
265.45,178.57,0
226.97,184.37,0
195.59,164.65,0
217.03,180.72,0
187.83,178.51,0
184.71,174.80,0
242.05,182.68,0
231.39,181.67,0
213.37,180.81,0
230.61,181.88,0
244.50,188.50,0
286.23,196.87,0
217.90,178.51,0
222.38,183.14,0
203.16,183.14,0
127.19,177.16,0
223.91,182.75,0
186.72,168.14,0
191.25,178.22,0
183.54,172.06,0
171.72,170.70,0
250.40,182.09,0
252.06,195.36,0
182.10,174.58,0
253.01,201.24,0
165.74,165.07,0
208.36,184.34,0
184.86,169.32,0
178.20,171.98,0
192.43,171.94,0
190.28,173.39,0
220.54,179.53,0
224.06,180.19,0
161.14,173.69,0
241.54,182.59,0
237.96,187.97,0
190.75,172.54,0
248.24,190.91,0
159.35,175.25,0
219.52,183.36,0
186.34,171.71,0
200.40,175.20,0
196.32,171.93,0
175.34,171.24,0
187.98,169.78,0
192.10,177.30,0
186.06,176.74,0
240.81,183.31,0
162.42,170.69,0
141.05,170.49,0
228.77,187.45,0
230.37,179.34,0
192.67,167.03,0
224.81,177.88,0
140.44,165.96,0
205.66,185.16,0
151.67,169.22,0
255.78,185.06,0
204.59,171.61,0
200.25,175.47,0
207.31,171.11,0
219.05,182.72,0
191.62,181.44,0
245.95,188.74,0
223.10,178.35,0
234.92,188.48,0
164.30,165.64,0
243.81,173.57,0
222.69,166.54,0
153.00,163.77,0
199.87,175.64,0
128.92,155.48,0
163.51,157.33,0
219.17,188.24,0
166.06,159.36,0
224.61,179.94,0
182.04,166.11,0
149.77,160.54,0
235.07,185.59,0
243.21,186.90,0
183.48,184.82,0
170.46,164.37,0
183.28,177.74,0
201.23,177.81,0
173.81,169.43,0
211.45,185.38,0
182.57,177.17,0
196.87,181.38,0
199.67,172.69,0
203.25,180.45,0
220.73,182.15,0
206.81,177.00,0
191.34,180.08,0
258.60,187.27,0
198.29,169.41,0
121.09,170.23,0
198.56,196.28,0
137.33,165.83,0
204.54,169.86,0
167.14,173.81,0
192.96,180.54,0
142.86,160.56,0
190.75,179.29,0
160.41,171.30,0
169.81,169.61,0
175.37,179.05,0
188.41,178.76,0
248.83,183.19,0
261.43,191.19,0
209.99,183.45,0
166.69,175.09,0
295.63,205.74,0
197.24,173.87,0
155.66,164.22,0
205.27,175.51,0
241.47,190.49,0
149.84,163.60,0
180.02,164.29,0
225.24,182.75,0
126.11,156.16,0
151.29,166.98,0
237.43,189.76,0
167.14,175.79,0
160.70,172.48,0
172.68,171.49,0
176.16,173.30,0
160.84,163.30,0
250.73,190.93,0
176.62,173.13,0
191.63,166.45,0
173.75,170.53,0
114.17,153.25,0
200.22,173.18,0
227.28,188.95,0
224.78,176.27,0
213.26,186.18,0
180.78,178.07,0
241.57,183.82,0
173.89,174.02,0
171.61,186.54,0
187.21,163.00,0
235.88,180.20,0
196.38,180.23,0
152.68,177.90,0
194.68,177.57,0
223.19,181.82,0
162.85,171.33,0
192.29,176.46,0
164.25,176.08,0
178.17,179.42,0
187.38,177.51,0
144.91,170.33,0
225.55,176.90,0
195.03,181.46,0
181.41,163.95,0
181.76,174.55,0
239.93,179.04,0
167.29,177.85,0
236.39,183.72,0
251.74,184.03,0
188.05,177.34,0
220.76,175.41,0
167.04,175.97,0
180.28,174.71,0
194.29,180.02,0
228.30,178.59,0
170.92,170.94,0
209.34,168.44,0
219.25,180.16,0
172.38,168.16,0
261.02,193.11,0
159.02,157.97,0
208.99,172.38,0
183.35,176.77,0
175.62,171.68,0
232.40,179.79,0
229.98,178.17,0
228.22,180.57,0
233.25,178.92,0
214.11,180.45,0
187.89,167.89,0
171.52,176.52,0
224.71,182.68,0
139.49,164.83,0
257.22,183.39,0
149.85,170.73,0
151.58,167.73,0
148.09,162.78,0
220.41,186.58,0
195.27,174.40,0
235.38,184.04,0
196.64,173.52,0
224.89,182.08,0
243.07,184.31,0
243.26,183.94,0
196.81,175.27,0
194.78,176.18,0
232.49,185.51,0
194.18,176.27,0
242.96,187.61,0
249.62,182.32,0
226.87,185.71,0
201.28,183.41,0
236.04,188.15,0
222.28,188.38,0
235.26,181.72,0
187.77,170.72,0
171.29,166.63,0
220.23,171.61,0
182.24,175.56,0
215.37,189.71,0
160.61,173.69,0
161.24,168.65,0
180.60,175.23,0
234.62,188.40,0
218.98,177.26,0
251.97,174.33,0
206.64,173.06,0
131.86,158.27,0
177.42,171.62,0
191.18,174.60,0
233.00,179.56,0
185.05,180.66,0
253.79,181.73,0
174.75,170.23,0
216.22,185.01,0
177.69,171.94,0
119.94,166.94,0
205.98,174.99,0
169.43,168.30,0
206.19,181.94,0
211.97,174.66,0
224.17,181.79,0
194.66,181.17,0
278.00,181.79,0
158.99,168.79,0
147.70,155.69,0
146.40,171.19,0
197.79,177.08,0
242.04,195.20,0
226.68,187.04,0
205.35,177.36,0
191.04,184.39,0
175.64,169.25,0
144.83,171.35,0
181.67,171.33,0
171.19,172.56,0
243.40,181.74,0
142.63,173.35,0
152.59,176.01,0
148.12,165.74,0
226.13,179.33,0
183.35,170.10,0
227.44,187.16,0
228.44,186.58,0
145.13,164.23,0
200.73,175.98,0
179.86,172.60,0
214.43,174.01,0
259.68,191.54,0
154.25,160.74,0
229.07,184.93,0
208.42,186.60,0
232.26,174.79,0
179.80,175.70,0
183.00,174.62,0
280.96,193.31,0
206.82,175.74,0
254.99,189.48,0
214.16,181.04,0
186.94,175.29,0
162.71,165.14,0
177.82,175.55,0
205.52,176.25,0
138.40,159.84,0
131.82,165.86,0
186.24,168.01,0
180.68,176.25,0
155.46,174.73,0
210.62,191.55,0
211.49,180.59,0
248.76,186.46,0
253.27,190.35,0
200.78,174.90,0
109.96,153.68,0
104.38,164.50,0
181.01,172.08,0
220.44,176.77,0
129.82,162.13,0
182.90,175.73,0
168.34,182.98,0
195.07,178.68,0
208.84,179.26,0
157.69,175.64,0
231.27,185.10,0
201.10,178.46,0
206.77,189.34,0
229.24,171.77,0
185.86,177.92,0
198.67,175.14,0
205.20,181.23,0
183.88,173.67,0
213.97,179.93,0
184.45,175.40,0
212.58,178.47,0
157.37,166.57,0
188.51,167.74,0
165.46,165.95,0
194.54,176.20,0
186.63,162.22,0
251.86,179.93,0
193.18,177.82,0
177.16,173.24,0
168.98,172.55,0
230.40,192.50,0
174.55,176.74,0
173.00,168.68,0
146.52,166.07,0
230.03,182.44,0
177.03,164.30,0
197.22,182.67,0
163.47,172.63,0
224.44,181.11,0
220.17,183.81,0
160.34,164.29,0
182.11,175.17,0
172.05,171.65,0
233.74,188.52,0
205.83,185.77,0
233.77,184.94,0
162.27,167.30,0
165.26,171.83,0
155.23,168.94,0
184.14,172.00,0
196.48,167.75,0
201.56,180.96,0
201.06,178.93,0
194.35,168.28,0
213.40,182.37,0
221.81,190.71,0
206.35,180.47,0
161.53,174.14,0
166.13,176.54,0
187.46,176.73,0
163.70,172.78,0
268.83,188.70,0
194.23,175.99,0
200.11,167.89,0
288.19,197.02,0
196.98,177.14,0
155.45,160.51,0
173.43,166.87,0
145.76,166.43,0
322.62,206.31,0
219.08,184.14,0
172.95,168.53,0
282.17,195.04,0
182.35,171.94,0
203.17,170.66,0
248.75,189.84,0
207.70,174.04,0
210.71,176.63,0
218.49,178.87,0
234.82,184.02,0
162.46,175.74,0
205.51,179.80,0
159.53,161.99,0
178.70,180.80,0
176.90,172.67,0
138.92,168.01,0
182.20,172.39,0
189.96,178.55,0
205.82,180.53,0
163.81,166.58,0
179.87,169.18,0
198.91,177.67,0
172.78,178.29,0
183.71,165.40,0
186.46,163.68,0
215.48,176.49,0
224.87,195.06,0
194.20,178.62,0
173.37,168.44,0
155.12,166.14,0
198.75,171.89,0
108.61,156.38,0
246.36,185.05,0
117.67,162.11,0
153.43,173.43,0
186.39,169.24,0
183.12,170.58,0
169.38,169.68,0
242.31,194.04,0
170.55,174.74,0
206.19,177.99,0
137.39,165.58,0
206.35,174.51,0
244.13,182.21,0
193.56,177.75,0
145.21,167.07,0
181.55,174.10,0
151.87,170.79,0
251.39,187.03,0
199.96,171.80,0
145.14,167.03,0
209.35,185.08,0
197.07,176.37,0
148.94,157.31,0
155.29,167.18,0
216.51,176.67,0
219.56,187.88,0
159.16,169.85,0
201.70,169.68,0
210.09,175.21,0
135.79,169.99,0
176.11,169.80,0
219.48,191.08,0
212.29,177.63,0
168.15,169.63,0
283.47,199.81,0
188.03,178.42,0
203.43,171.14,0
198.95,176.55,0
212.95,178.19,0
156.01,161.48,0
229.08,187.12,0
179.84,174.72,0
201.02,179.40,0
170.94,174.36,0
160.66,154.39,0
178.12,173.53,0
146.40,171.11,0
145.38,166.96,0
183.23,183.87,0
221.65,175.47,0
166.01,178.66,0
240.40,184.38,0
208.11,187.02,0
208.77,181.65,0
168.15,172.87,0
185.87,183.33,0
159.34,172.99,0
179.73,164.19,0
146.63,157.43,0
192.80,177.46,0
186.76,170.62,0
245.27,194.65,0
218.14,192.18,0
160.20,162.87,0
184.26,180.63,0
218.82,184.81,0
166.43,171.31,0
160.12,164.26,0
236.80,179.01,0
208.60,172.38,0
224.41,179.60,0
220.30,181.93,0
188.81,180.23,0
211.90,178.69,0
203.72,175.79,0
128.72,155.19,0
234.67,188.09,0
212.84,179.26,0
220.63,181.71,0
205.25,180.38,0
172.81,170.75,0
156.80,167.66,0
116.04,157.78,0
189.50,172.16,0
241.75,183.25,0
223.14,178.08,0
223.68,180.37,0
156.64,158.19,0
218.77,179.44,0
212.38,175.24,0
193.47,182.47,0
211.21,174.92,0
206.01,174.82,0
185.12,175.07,0
160.55,163.01,0
195.81,175.62,0
245.48,190.50,0
210.20,172.21,0
146.21,164.33,0
218.45,179.33,0
215.59,179.82,0
212.86,178.77,0
178.67,169.53,0
267.31,197.28,0
194.44,172.08,0
195.55,176.86,0
150.74,161.80,0
166.13,169.87,0
225.83,184.09,0
160.31,172.97,0
250.61,190.96,0
206.59,174.82,0
269.23,190.58,0
179.74,172.70,0
92.42,150.20,0
220.05,180.92,0
211.62,175.79,0
184.06,178.24,0
200.22,181.95,0
185.84,183.28,0
281.00,194.19,0
212.74,173.53,0
189.00,184.25,0
132.50,156.58,0
187.97,175.63,0
221.72,180.72,0
157.71,174.32,0
226.66,184.96,0
202.45,174.30,0
135.27,163.58,0
180.40,176.64,0
151.02,174.02,0
187.72,161.41,0
175.92,167.11,0
185.56,173.29,0
204.93,172.74,0
184.42,172.27,0
129.79,162.86,0
155.74,174.88,0
207.19,178.86,0
187.43,175.32,0
167.89,170.83,0
228.35,169.74,0
235.49,174.22,0
231.56,185.56,0
268.69,192.15,0
164.66,173.53,0
212.68,178.36,0
137.83,160.01,0
181.58,175.42,0
171.68,174.57,0
198.06,181.96,0
245.96,191.57,0
194.38,172.65,0
258.71,194.45,0
170.74,164.75,0
193.48,180.21,0
215.03,174.91,0
174.59,179.58,0
245.63,191.12,0
255.01,196.13,0
143.39,177.00,0
254.48,183.78,0
149.16,160.78,0
216.42,186.09,0
197.09,178.93,0
113.93,162.05,0
216.53,182.15,0
148.34,164.03,0
223.88,183.81,0
181.70,170.05,0
237.48,198.30,0
194.92,169.20,0
241.82,191.87,0
197.94,169.15,0
139.77,166.65,0
141.67,164.87,0
151.17,164.29,0
200.39,176.96,0
155.31,166.65,0
177.12,173.56,0
221.79,181.97,0
164.84,169.16,0
183.71,170.05,0
165.19,178.35,0
170.90,164.85,0
132.68,154.25,0
210.88,179.43,0
182.97,164.56,0
187.52,177.37,0
183.58,173.80,0
110.16,153.09,0
209.45,182.35,0
242.93,185.86,0
181.95,173.67,0
229.60,189.15,0
140.54,158.69,0
188.09,172.61,0
240.10,185.93,0
259.83,193.87,0
178.06,174.31,0
161.76,170.17,0
111.68,161.80,0
194.31,174.53,0
215.15,187.62,0
178.07,169.26,0
263.36,191.20,0
183.57,177.05,0
186.31,183.74,0
177.15,177.86,0
150.28,165.32,0
143.15,163.53,0
160.01,165.70,0
212.97,185.45,0
249.50,192.34,0
192.98,173.90,0
202.93,183.49,0
207.34,175.20,0
246.47,186.54,0
174.39,177.59,0
164.08,160.53,0
207.77,178.41,0
166.65,174.26,0
213.63,180.88,0
194.12,171.10,0
192.83,175.16,0
185.93,172.56,0
227.91,183.60,0
190.77,174.50,0
160.29,171.00,0
200.50,179.82,0
234.46,174.99,0
233.31,186.83,0
208.61,178.46,0
157.62,176.37,0
167.80,170.60,0
210.65,170.34,0
246.81,198.89,0
177.55,180.01,0
201.47,177.94,0
214.16,183.53,0
161.74,164.58,0
248.73,193.87,0
149.57,168.96,0
196.30,179.19,0
188.34,181.23,0
231.42,185.94,0
216.85,180.18,0
266.59,193.94,0
223.73,178.85,0
208.93,172.51,0
222.35,190.63,0
172.34,173.16,0
124.24,158.35,0
198.48,183.78,0
181.75,180.73,0
204.95,175.23,0
203.34,186.36,0
166.00,164.77,0
194.28,176.72,0
221.02,175.32,0
167.75,175.00,0
168.66,167.34,0
223.93,183.30,0
230.36,195.23,0
119.59,162.59,0
183.12,173.13,0
199.25,179.79,0
142.69,164.82,0
197.61,181.78,0
216.23,188.72,0
188.27,164.21,0
227.28,176.24,0
216.22,178.22,0
180.47,169.05,0
199.61,175.16,0
259.44,189.43,0
198.09,175.63,0
219.62,184.23,0
152.16,170.88,0
261.75,192.98,0
273.43,199.89,0
191.81,164.55,0
172.00,175.17,0
221.58,182.09,0
125.91,161.26,0
165.95,169.20,0
224.00,180.14,0
191.64,173.50,0
137.16,164.38,0
210.10,167.62,0
176.77,173.27,0
227.11,192.39,0
253.89,185.67,0
259.14,184.20,0
192.85,179.37,0
227.63,191.28,0
220.15,177.37,0
130.14,167.53,0
207.97,185.39,0
177.06,176.73,0
243.87,191.22,0
192.77,180.93,0
233.40,180.07,0
153.34,162.71,0
174.39,168.40,0
204.95,179.97,0
230.48,181.23,0
228.93,185.21,0
187.70,173.87,0
176.33,163.06,0
218.95,173.40,0
174.72,173.43,0
183.50,165.12,0
191.34,174.84,0
123.34,162.81,0
176.49,175.62,0
200.06,178.92,0
283.06,197.09,0
148.21,166.70,0
236.47,179.18,0
161.08,169.61,0
171.93,169.37,0
198.98,175.10,0
202.44,180.72,0
185.83,186.46,0
240.45,174.77,0
199.30,184.85,0
233.43,176.69,0
205.49,172.53,0
199.55,170.30,0
226.09,180.25,0
210.35,172.67,0
181.61,166.14,0
226.72,183.60,0
190.50,182.52,0
184.36,170.96,0
214.15,170.97,0
153.19,166.09,0
184.87,178.39,0
226.59,183.02,0
237.21,192.05,0
182.77,172.78,0
183.82,177.81,0
174.40,177.21,0
199.15,171.93,0
251.38,187.56,0
220.05,184.48,0
153.21,169.02,0
174.85,179.29,0
221.66,178.20,0
215.09,184.60,0
134.07,165.03,0
211.29,176.92,0
158.48,166.88,0
200.14,172.53,0
245.17,183.23,0
165.72,164.49,0
135.34,152.93,0
188.14,166.00,0
246.31,195.36,0
223.33,178.94,0
186.14,164.30,0
228.30,182.33,0
176.80,179.75,0
171.27,174.43,0
155.64,170.85,0
179.43,161.09,0
182.52,180.18,0
182.45,176.79,0
139.41,169.30,0
209.90,179.95,0
151.57,166.29,0
210.27,168.17,0
184.97,174.57,0
224.50,190.67,0
182.66,175.75,0
211.73,186.55,0
196.08,170.91,0
191.12,174.96,0
233.19,182.82,0
172.86,177.79,0
156.83,160.78,0
149.93,159.21,0
239.64,192.74,0
211.16,179.19,0
164.78,168.71,0
180.19,172.68,0
279.48,190.28,0
235.86,178.69,0
185.66,175.40,0
207.11,180.87,0
204.02,171.91,0
220.51,180.52,0
163.14,164.44,0
165.70,173.69,0
201.54,179.50,0
238.96,174.50,0
205.41,180.40,0
184.02,166.00,0
165.50,160.39,0
179.08,167.95,0
263.77,196.37,0
208.90,175.10,0
207.17,177.97,0
231.42,183.82,0
224.93,188.77,0
176.34,165.93,0
230.74,181.33,0
146.90,166.20,0
178.66,176.69,0
168.49,168.16,0
167.54,174.99,0
213.94,180.05,0
207.78,178.59,0
151.34,170.58,0
170.18,163.22,0
223.69,174.57,0
181.38,180.85,0
217.66,186.64,0
197.22,171.81,0
188.81,176.04,0
215.97,174.74,0
203.55,184.97,0
273.85,196.02,0
247.73,197.03,0
200.69,168.75,0
164.90,181.14,0
236.38,188.00,0
197.76,174.12,0
135.22,169.88,0
213.13,181.89,0
184.14,175.86,0
146.99,172.57,0
137.29,159.14,0
257.48,190.49,0
192.33,183.54,0
170.92,176.70,0
192.92,170.58,0
157.87,164.78,0
204.70,171.20,0
204.67,181.25,0
229.59,192.38,0
191.25,175.94,0
183.74,172.57,0
167.54,173.92,0
178.44,170.70,0
205.34,179.94,0
159.93,174.97,0
213.00,174.89,0
182.36,173.13,0
174.07,172.47,0
202.40,168.85,0
189.45,177.11,0
219.93,188.71,0
206.81,180.10,0
242.37,190.28,0
202.59,173.54,0
230.98,183.06,0
149.68,160.82,0
153.71,172.96,0
194.79,193.46,0
169.88,173.73,0
272.35,183.12,0
195.34,179.94,0
226.23,184.34,0
147.88,166.22,0
211.39,172.96,0
207.15,185.35,0
171.32,160.33,0
164.66,161.05,0
211.95,175.51,0
171.33,178.29,0
261.09,184.86,0
196.16,169.40,0
221.58,185.80,0
208.25,184.12,0
190.93,166.46,0
199.00,167.50,0
294.62,199.52,0
156.14,175.30,0
208.67,190.81,0
165.17,164.33,0
175.16,175.22,0
205.34,185.80,0
132.77,174.30,0
197.85,183.83,0
186.47,168.72,0
227.52,181.81,0
136.94,165.92,0
193.47,172.16,0
168.58,172.74,0
219.22,169.04,0
194.62,178.72,0
144.30,166.33,0
212.71,174.19,0
222.04,184.71,0
214.39,186.46,0
140.88,169.43,0
174.62,174.84,0
182.93,173.79,0
193.60,170.54,0
207.64,191.69,0
148.15,162.75,0
187.49,176.05,0
216.38,181.96,0
177.63,173.26,0
217.21,191.66,0
138.70,165.24,0
195.56,185.64,0
217.37,177.06,0
185.00,174.66,0
120.58,154.54,0
211.19,188.04,0
226.77,186.72,0
212.57,181.90,0
217.53,175.34,0
197.15,174.78,0
226.56,182.75,0
266.16,190.23,0
157.01,168.76,0
182.60,181.75,0
174.55,176.26,0
192.36,176.93,0
215.06,185.01,0
166.92,177.12,0
130.70,156.99,0
182.59,180.12,0
227.99,182.79,0
101.81,154.72,0
218.76,184.61,0
147.21,166.61,0
199.53,171.21,0
170.78,181.16,0
201.64,178.15,0
150.33,177.47,0
203.37,178.38,0
191.76,179.27,0
201.67,168.32,0
196.86,176.26,0
163.60,167.92,0
162.61,162.90,0
175.29,175.66,0
214.03,178.65,0
189.97,176.91,0
249.51,188.36,0
222.42,183.66,0
249.57,192.97,0
194.55,183.39,0
144.38,165.02,0
140.22,171.33,0
164.62,164.44,0
219.81,184.99,0
185.76,170.41,0
265.34,193.45,0
183.08,172.08,0
205.20,187.37,0
180.22,175.76,0
214.73,177.48,0
179.22,167.57,0
130.08,156.21,0
138.77,165.12,0
241.25,187.42,0
200.00,171.79,0
222.48,181.56,0
229.96,179.56,0
222.26,182.96,0
232.14,179.15,0
138.24,161.83,0
232.32,183.86,0
202.09,171.38,0
168.18,173.28,0
178.96,168.85,0
260.47,186.80,0
203.91,179.24,0
166.27,169.90,0
233.19,183.81,0
192.01,171.82,0
225.15,174.64,0
207.63,184.04,0
185.97,177.42,0
245.29,181.08,0
184.49,176.75,0
222.83,183.44,0
187.65,180.97,0
196.48,174.69,0
254.68,178.05,0
157.79,162.82,0
180.60,177.93,0
140.70,165.80,0
139.03,164.95,0
197.21,176.15,0
231.48,182.96,0
236.00,186.41,0
229.81,178.75,0
274.59,197.86,0
217.31,179.71,0
176.54,171.65,0
165.01,170.49,0
257.87,189.55,0
181.31,161.17,0
215.20,175.27,0
183.17,171.07,0
173.46,164.32,0
223.50,179.40,0
206.32,175.67,0
158.34,163.11,0
171.32,175.54,0
192.18,168.41,0
191.73,176.66,0
193.75,178.74,0
202.92,175.34,0
243.43,182.38,0
218.36,170.03,0
211.51,185.95,0
184.15,180.45,0
162.08,172.72,0
179.46,186.59,0
245.52,187.28,0
216.42,177.68,0
219.54,183.75,0
209.36,174.88,0
177.64,171.00,0
198.82,185.83,0
215.81,192.83,0
222.15,182.49,0
204.89,187.86,0
214.21,179.46,0
203.32,165.94,0
185.81,162.93,0
246.92,193.24,0
191.07,180.14,0
219.09,175.62,0
202.58,180.87,0
188.45,170.53,0
245.77,185.08,0
184.01,164.78,0
158.57,164.89,0
193.03,179.85,0
147.94,158.42,0
150.26,161.34,0
193.07,180.82,0
228.78,189.78,0
134.94,171.26,0
281.92,193.60,0
172.10,170.33,0
204.97,175.02,0
181.77,170.38,0
265.73,184.76,0
204.15,181.25,0
225.68,179.10,0
175.91,166.25,0
193.70,181.07,0
200.66,180.79,0
244.91,191.83,0
175.39,169.44,0
230.19,188.11,0
180.35,172.11,0
183.62,175.28,0
233.66,173.69,0
171.32,173.42,0
187.99,177.80,0
201.90,176.23,0
194.38,175.71,0
178.09,170.15,0
212.20,191.27,0
155.19,169.51,0
200.61,176.12,0
205.86,178.12,0
224.74,185.11,0
244.90,181.42,0
142.00,171.91,0
262.62,188.55,0
211.25,175.43,0
192.02,183.60,0
215.30,180.26,0
261.64,181.25,0
164.91,174.67,0
208.44,183.88,0
205.14,178.86,0
210.46,173.23,0
224.24,194.02,0
211.42,191.09,0
222.47,183.24,0
189.72,162.62,0
204.39,187.89,0
185.44,173.28,0
208.86,175.99,0
207.90,179.80,0
137.55,163.29,0
203.97,170.98,0
165.84,168.41,0
181.52,172.29,0
175.21,175.72,0
199.64,178.98,0
197.17,185.33,0
165.76,172.73,0
180.96,166.68,0
204.02,170.38,0
226.89,180.67,0
145.17,177.45,0
207.59,179.32,0
183.67,177.76,0
199.31,186.25,0
202.95,182.69,0
204.55,179.50,0
174.95,168.52,0
193.84,174.10,0
215.09,183.83,0
188.76,177.72,0
241.13,191.65,0
187.71,181.68,0
181.57,177.35,0
103.38,158.55,0
219.13,185.81,0
147.49,170.08,0
145.93,159.95,0
187.63,170.54,0
175.71,175.12,0
182.24,178.29,0
273.94,191.38,0
161.16,167.15,0
231.79,185.14,0
201.09,177.42,0
183.45,171.58,0
180.02,174.23,0
151.35,173.70,0
214.95,173.37,0
155.24,176.27,0
162.18,159.90,0
157.65,167.32,0
164.71,161.50,0
253.80,183.26,0
180.85,164.97,0
226.81,182.23,0
250.42,188.52,0
186.92,173.19,0
164.26,170.05,0
218.59,177.68,0
224.91,184.72,0
241.59,182.31,0
184.59,170.63,0
185.45,175.44,0
187.53,177.31,0
172.25,179.04,0
179.94,181.13,0
246.57,186.67,0
165.99,174.84,0
183.34,166.98,0
202.39,186.55,0
196.89,180.55,0
223.17,177.65,0
198.81,175.04,0
118.61,152.90,0
199.29,163.74,0
163.91,174.26,0
149.91,156.54,0
195.17,176.02,0
173.59,174.23,0
166.86,168.46,0
156.01,175.04,0
193.15,175.61,0
189.28,174.39,0
236.44,184.44,0
194.94,176.28,0
186.23,169.99,0
169.26,166.73,0
218.66,185.17,0
168.13,174.01,0
178.51,162.63,0
246.94,189.83,0
209.21,177.44,0
175.35,169.72,0
183.40,171.78,0
212.28,172.84,0
203.70,174.23,0
161.41,169.69,0
172.19,174.03,0
212.17,184.18,0
232.09,185.38,0
179.88,173.93,0
153.26,175.25,0
164.66,174.11,0
148.22,155.79,0
238.69,183.56,0
181.50,171.45,0
186.13,176.27,0
218.75,182.56,0
219.11,187.66,0
174.68,169.28,0
188.94,170.14,0
141.54,167.47,0
260.86,197.86,0
213.19,175.85,0
242.53,192.82,0
231.00,175.14,0
158.31,163.43,0
185.92,176.20,0
260.76,191.06,0
190.92,183.11,0
202.87,180.82,0
220.56,181.50,0
195.10,187.53,0
195.74,173.24,0
178.00,172.87,0
177.10,173.90,0
211.99,183.45,0
173.46,173.62,0
214.80,180.49,0
139.75,162.78,0
212.44,187.93,0
224.55,183.79,0
183.64,172.06,0
212.67,184.67,0
192.33,178.53,0
193.38,184.05,0
120.36,166.83,0
137.15,164.31,0
148.53,162.02,0
182.25,176.52,0
175.05,181.31,0
196.83,165.42,0
161.11,180.48,0
173.10,164.17,0
192.94,176.73,0
155.50,167.61,0
193.89,175.44,0
104.78,157.56,0
264.32,192.69,0
219.61,183.21,0
222.63,177.20,0
178.66,169.29,0
164.23,179.42,0
224.95,178.28,0
249.12,190.37,0
229.35,186.46,0
200.80,177.36,0
156.91,157.86,0
233.53,191.12,0
160.53,167.46,0
209.88,173.46,0
235.63,181.28,0
182.22,170.91,0
220.82,178.48,0
145.90,154.74,0
207.17,174.95,0
251.80,190.12,0
182.47,170.71,0
128.18,167.69,0
246.60,188.46,0
191.14,171.30,0
223.77,179.50,0
136.06,168.41,0
209.59,179.82,0
179.89,179.34,0
222.90,185.73,0
188.32,173.76,0
208.04,180.83,0
201.28,168.35,0
249.86,179.89,0
214.15,180.04,0
156.42,164.86,0
189.79,181.12,0
187.73,175.44,0
137.06,167.19,0
209.98,179.03,0
143.42,164.49,0
223.27,176.06,0
232.50,189.08,0
186.21,173.31,0
211.57,181.30,0
249.55,177.55,0
205.65,178.42,0
178.51,164.53,0
199.25,180.18,0
190.66,182.95,0
209.60,173.81,0
221.97,188.85,0
189.50,177.68,0
154.36,167.32,0
202.87,181.81,0
140.95,158.77,0
252.47,195.46,0
154.93,165.94,0
156.78,168.53,0
142.24,165.12,0
177.96,183.29,0
214.15,184.03,0
173.45,171.31,0
182.11,183.96,0
177.05,163.31,0
173.36,163.14,0
201.87,173.44,0
148.60,168.54,0
186.02,177.40,0
144.11,162.28,0
181.42,173.60,0
219.08,179.77,0
190.95,177.14,0
175.07,162.69,0
186.91,170.66,0
162.53,169.66,0
209.19,182.04,0
89.00,148.19,0
194.03,180.46,0
173.68,179.31,0
184.46,176.83,0
166.53,164.36,0
220.63,184.09,0
192.79,172.24,0
142.40,167.20,0
201.56,179.97,0
168.95,173.14,0
198.81,171.10,0
117.21,166.88,0
209.01,179.27,0
191.52,176.24,0
168.75,173.27,0
275.13,191.93,0
121.20,158.98,0
195.86,187.28,0
216.45,177.15,0
141.79,165.43,0
163.11,173.33,0
175.81,169.48,0
206.69,178.69,0
260.62,187.77,0
203.65,187.85,0
149.21,180.87,0
144.47,162.59,0
204.45,176.57,0
198.24,177.01,0
180.81,176.07,0
146.71,167.40,0
139.56,169.36,0
219.37,174.22,0
165.53,172.96,0
176.73,171.39,0
183.29,164.98,0
201.58,174.76,0
185.18,178.79,0
246.61,187.73,0
179.30,168.15,0
251.16,182.14,0
211.54,176.43,0
171.05,166.75,0
180.78,168.95,0
224.29,188.94,0
131.79,166.25,0
181.90,184.07,0
203.03,179.73,0
175.90,174.21,0
179.82,177.61,0
220.95,189.08,0
261.69,180.11,0
152.53,164.93,0
204.99,189.14,0
214.53,171.05,0
198.46,185.98,0
209.18,176.74,0
194.15,171.27,0
106.42,155.31,0
116.84,161.88,0
190.44,170.52,0
208.29,183.09,0
154.45,171.59,0
252.86,180.74,0
200.26,183.18,0
176.06,168.77,0
175.57,174.12,0
193.46,164.24,0
244.21,186.14,0
192.72,170.65,0
201.60,169.00,0
156.22,175.44,0
143.15,151.31,0
152.51,167.44,0
184.06,176.01,0
158.16,175.01,0
180.39,177.45,0
214.85,174.97,0
194.07,169.58,0
240.19,189.24,0
169.12,169.93,0
175.35,168.96,0
232.84,184.81,0
199.44,182.57,0
120.67,160.33,0
135.03,149.02,0
155.16,165.47,0
221.57,188.50,0
197.76,173.52,0
213.39,173.02,0
145.67,166.22,0
182.71,177.07,0
231.66,182.64,0
193.57,170.14,0
195.77,179.72,0
161.99,160.32,0
203.02,180.69,0
210.79,180.22,0
234.81,187.43,0
220.55,182.21,0
168.10,166.48,0
202.59,179.16,0
242.35,192.41,0
230.20,182.82,0
169.21,166.71,0
275.47,194.81,0
196.58,175.16,0
192.36,178.91,0
212.69,171.30,0
221.90,188.95,0
212.24,183.70,0
294.49,191.05,0
204.13,173.58,0
137.41,168.01,0
190.03,177.60,0
130.82,167.32,0
112.13,159.60,0
238.18,175.19,0
188.44,175.48,0
138.60,163.94,0
262.02,201.26,0
182.89,165.24,0
212.73,189.17,0
199.85,172.00,0
256.26,184.11,0
246.10,189.39,0
173.22,161.12,0
163.82,169.45,0
232.89,190.32,0
202.15,175.38,0
202.78,181.52,0
139.42,161.71,0
221.47,176.29,0
183.86,170.14,0
211.66,183.24,0
231.03,175.61,0
156.35,162.79,0
176.01,172.56,0
211.00,177.31,0
197.24,181.64,0
169.62,169.58,0
143.16,169.21,0
196.61,171.99,0
136.49,166.97,0
171.18,170.68,0
99.23,149.72,0
191.21,170.86,0
193.36,182.87,0
174.16,173.82,0
223.74,182.19,0
244.40,184.50,0
166.40,163.13,0
167.69,174.54,0
225.11,182.15,0
216.51,172.64,0
199.82,178.17,0
251.74,178.01,0
178.74,171.58,0
192.33,176.14,0
161.22,163.33,0
207.53,172.03,0
242.25,184.38,0
213.02,181.65,0
188.40,176.89,0
284.62,198.32,0
215.09,185.30,0
261.99,192.31,0
181.46,178.88,0
127.02,160.08,0
223.45,183.07,0
141.81,174.33,0
227.61,181.37,0
132.60,162.45,0
192.15,183.32,0
190.91,176.60,0
218.56,165.66,0
192.01,176.65,0
211.94,186.85,0
216.53,173.31,0
208.24,180.20,0
157.36,160.77,0
220.53,181.29,0
203.85,165.70,0
216.39,181.55,0
248.88,185.41,0
228.37,182.54,0
252.15,191.72,0
198.99,179.72,0
229.31,189.32,0
148.02,161.25,0
169.91,168.00,0
186.79,168.30,0
130.27,164.01,0
240.96,180.96,0
181.66,172.67,0
205.12,188.41,0
193.69,183.61,0
179.15,167.91,0
164.01,165.13,0
132.38,158.77,0
241.12,182.37,0
225.02,187.47,0
217.21,173.36,0
202.85,176.60,0
144.22,171.58,0
205.90,181.12,0
152.11,172.68,0
141.85,166.72,0
221.65,175.23,0
234.60,189.11,0
191.01,172.81,0
211.41,182.87,0
178.70,177.98,0
167.10,178.59,0
216.91,179.19,0
173.57,174.55,0
196.69,171.09,0
193.95,176.96,0
243.66,189.00,0
183.46,171.11,0
185.05,173.13,0
191.33,178.52,0
169.28,188.02,0
164.40,162.24,1
167.09,157.54,1
144.29,153.00,1
172.76,154.39,1
159.70,160.27,1
208.57,174.11,1
198.44,169.18,1
147.92,150.54,1
135.28,144.67,1
171.05,158.16,1
137.35,157.48,1
204.08,179.46,1
199.12,178.86,1
153.54,153.49,1
150.36,155.71,1
155.48,164.75,1
204.50,163.73,1
222.13,176.88,1
169.63,165.96,1
205.24,179.45,1
201.87,163.12,1
160.71,163.93,1
146.70,155.06,1
184.83,167.45,1
196.67,168.19,1
176.41,156.01,1
172.84,155.97,1
131.24,154.04,1
197.74,166.00,1
148.27,159.32,1
144.86,161.52,1
175.83,168.28,1
133.63,153.02,1
159.11,158.43,1
121.16,147.55,1
129.37,157.47,1
134.82,157.84,1
172.27,167.80,1
181.74,171.72,1
179.37,153.04,1
113.03,152.70,1
173.68,169.65,1
195.89,171.68,1
210.78,170.37,1
146.07,161.72,1
208.11,172.47,1
216.15,176.32,1
157.19,154.56,1
179.36,170.41,1
165.35,166.27,1
123.97,156.37,1
205.27,184.11,1
178.38,177.08,1
174.03,165.25,1
193.83,168.38,1
175.90,166.90,1
181.19,158.07,1
178.43,171.54,1
188.84,167.75,1
162.79,156.70,1
192.21,168.23,1
166.11,160.49,1
146.35,151.84,1
228.95,185.73,1
162.65,166.89,1
123.93,145.38,1
241.95,181.10,1
191.66,170.51,1
167.15,163.26,1
203.51,175.95,1
173.35,162.21,1
159.21,167.02,1
184.74,170.68,1
171.89,159.35,1
112.29,143.77,1
209.10,171.65,1
225.20,177.22,1
195.79,159.39,1
163.79,166.95,1
213.40,172.21,1
205.60,163.83,1
165.58,156.56,1
201.40,181.48,1
135.82,160.02,1
223.43,184.96,1
176.56,162.11,1
183.21,165.35,1
201.36,166.94,1
186.27,166.92,1
174.69,167.93,1
152.40,156.61,1
179.10,177.50,1
209.22,173.20,1
190.46,166.80,1
185.38,168.70,1
176.44,175.81,1
182.75,157.94,1
162.00,170.86,1
197.47,172.06,1
163.02,159.70,1
144.91,155.06,1
202.50,169.21,1
203.26,166.96,1
172.78,160.73,1
190.15,168.93,1
177.74,169.36,1
188.24,170.17,1
195.35,163.33,1
175.28,162.36,1
160.86,159.17,1
190.80,171.44,1
160.69,163.27,1
147.50,157.82,1
208.65,177.74,1
187.68,172.58,1
122.18,152.43,1
118.44,146.10,1
173.74,164.74,1
169.14,161.63,1
214.39,174.35,1
129.94,160.08,1
206.37,172.77,1
194.78,174.54,1
159.49,160.31,1
169.55,165.58,1
175.67,177.29,1
136.00,161.98,1
149.83,153.56,1
172.26,166.16,1
171.06,164.19,1
176.73,170.17,1
164.36,164.78,1
158.98,158.97,1
207.63,174.34,1
158.63,163.87,1
179.25,168.68,1
175.32,160.54,1
190.10,164.49,1
136.26,155.79,1
190.14,171.41,1
158.14,155.75,1
140.77,159.63,1
192.48,166.38,1
139.54,159.09,1
174.41,169.52,1
156.41,165.70,1
156.65,159.79,1
178.60,175.64,1
141.62,154.40,1
197.51,166.42,1
151.15,162.31,1
202.19,174.06,1
177.60,165.79,1
178.41,161.80,1
199.50,173.52,1
149.44,159.36,1
159.18,161.75,1
165.06,165.50,1
172.32,168.33,1
169.92,167.20,1
149.42,166.45,1
141.93,160.69,1
181.38,164.21,1
177.74,159.97,1
135.91,152.84,1
143.82,151.71,1
186.67,167.62,1
223.02,166.34,1
180.44,158.05,1
116.57,158.79,1
136.08,164.03,1
196.86,169.88,1
201.57,172.27,1
147.40,158.73,1
165.80,162.50,1
196.29,163.77,1
182.67,172.50,1
167.42,163.71,1
187.55,164.40,1
161.49,168.97,1
149.45,155.56,1
140.13,149.09,1
155.76,174.49,1
178.71,156.13,1
159.61,152.92,1
167.75,159.59,1
133.54,161.18,1
152.13,160.83,1
163.91,171.13,1
155.94,163.42,1
143.93,159.89,1
184.47,171.93,1
173.17,169.51,1
176.62,164.31,1
179.94,167.03,1
156.83,156.32,1
160.44,161.61,1
200.15,172.42,1
130.84,150.72,1
139.14,157.98,1
160.26,156.30,1
169.63,156.06,1
136.96,157.56,1
156.02,153.78,1
214.90,168.58,1
197.32,169.03,1
159.25,162.98,1
198.77,171.23,1
146.53,153.22,1
193.96,168.09,1
149.65,152.09,1
149.17,155.64,1
128.96,156.57,1
136.81,156.24,1
187.26,175.15,1
174.53,170.50,1
184.74,162.99,1
179.99,167.05,1
145.26,154.59,1
169.49,174.75,1
155.41,163.08,1
215.77,179.13,1
178.48,170.26,1
146.15,158.65,1
144.28,157.15,1
120.36,147.48,1
103.31,138.76,1
165.68,152.43,1
184.59,172.41,1
141.42,156.43,1
167.59,168.25,1
191.38,169.32,1
169.47,158.01,1
145.41,160.66,1
206.23,166.15,1
147.93,167.76,1
143.50,163.10,1
219.48,179.96,1
193.23,171.78,1
178.64,165.35,1
180.09,170.95,1
148.68,151.50,1
192.51,170.71,1
144.34,162.33,1
138.10,145.32,1
159.53,155.32,1
200.08,176.65,1
119.25,144.69,1
207.12,176.15,1
184.52,162.93,1
135.75,151.17,1
179.91,166.26,1
179.37,173.48,1
152.11,151.90,1
166.48,173.98,1
150.91,155.22,1
144.28,163.21,1
137.07,165.05,1
180.10,162.24,1
109.23,148.03,1
161.14,158.76,1
161.70,158.82,1
171.74,159.49,1
162.68,157.10,1
204.76,163.08,1
189.65,161.98,1
164.78,155.39,1
209.11,176.21,1
143.57,156.49,1
121.70,154.12,1
179.35,157.72,1
131.02,154.88,1
204.75,183.44,1
102.67,142.34,1
205.51,174.61,1
162.40,167.82,1
156.01,157.19,1
150.76,157.78,1
179.29,160.67,1
170.12,160.55,1
123.91,145.35,1
174.47,174.97,1
128.64,149.17,1
155.08,159.46,1
153.13,148.99,1
176.49,162.32,1
184.22,170.73,1
153.59,169.85,1
193.04,165.02,1
170.06,153.49,1
146.59,156.03,1
207.82,166.33,1
133.80,146.92,1
173.43,166.16,1
159.32,160.63,1
188.32,167.16,1
108.97,145.59,1
147.74,155.95,1
227.45,178.20,1
232.57,187.82,1
190.35,167.35,1
129.49,158.54,1
172.33,165.53,1
190.46,166.47,1
151.63,160.50,1
164.66,165.35,1
210.55,174.94,1
181.33,165.53,1
198.99,174.50,1
181.73,169.02,1
162.68,160.46,1
181.34,167.37,1
129.72,137.74,1
176.58,164.61,1
190.81,172.05,1
204.93,162.93,1
212.23,185.72,1
162.88,174.52,1
199.93,176.43,1
168.08,165.89,1
153.12,157.48,1
157.53,172.35,1
148.77,150.72,1
174.93,150.30,1
171.32,181.42,1
179.00,158.90,1
142.08,153.92,1
169.25,160.81,1
157.31,167.66,1
200.22,175.53,1
176.95,164.59,1
163.19,168.99,1
181.69,171.45,1
135.91,156.53,1
227.93,186.30,1
157.97,154.48,1
138.83,157.66,1
140.52,150.55,1
168.19,160.24,1
185.70,167.85,1
180.39,163.42,1
161.71,169.81,1
206.30,175.80,1
177.77,162.40,1
156.39,161.56,1
154.49,160.11,1
126.57,156.32,1
179.85,170.79,1
173.42,161.74,1
131.26,157.03,1
168.81,172.66,1
196.04,173.71,1
130.79,150.36,1
175.52,163.90,1
140.71,163.44,1
189.25,171.36,1
169.39,153.65,1
144.68,155.59,1
195.73,174.50,1
150.30,164.76,1
192.75,169.70,1
188.42,170.57,1
171.85,168.46,1
171.62,163.42,1
119.60,159.51,1
160.59,167.10,1
146.93,148.19,1
161.69,165.63,1
124.01,151.48,1
115.27,135.39,1
166.98,169.39,1
167.44,162.74,1
185.91,160.24,1
166.25,159.37,1
165.46,161.44,1
144.03,160.70,1
138.75,153.07,1
162.72,153.13,1
182.53,159.08,1
182.75,168.75,1
151.39,164.32,1
174.68,163.61,1
152.27,152.98,1
172.97,169.32,1
184.85,171.12,1
177.71,156.40,1
170.66,164.44,1
202.82,174.92,1
182.37,163.87,1
218.30,171.06,1
154.98,153.70,1
133.00,157.81,1
160.72,157.01,1
155.28,152.08,1
185.36,165.71,1
130.42,145.81,1
147.35,167.10,1
157.50,159.60,1
155.61,152.32,1
126.63,145.99,1
186.41,161.21,1
177.13,170.29,1
161.31,173.51,1
216.78,183.82,1
140.09,153.92,1
171.86,163.53,1
196.90,160.56,1
198.80,175.56,1
151.62,152.38,1
158.80,150.10,1
179.08,169.54,1
117.83,149.81,1
175.32,171.60,1
183.14,158.10,1
200.86,175.48,1
187.05,165.33,1
155.54,164.62,1
131.63,162.03,1
168.94,159.92,1
183.03,169.09,1
132.84,153.58,1
131.31,148.58,1
146.95,156.06,1
167.82,163.35,1
179.12,161.00,1
182.74,171.33,1
215.69,185.26,1
202.45,169.79,1
227.43,179.32,1
196.23,168.45,1
162.81,169.57,1
168.69,163.53,1
144.82,160.67,1
151.09,157.17,1
141.23,157.13,1
210.54,169.86,1
157.27,177.31,1
198.94,168.13,1
155.55,156.47,1
166.93,166.61,1
174.26,170.47,1
164.36,167.31,1
199.20,167.53,1
184.40,157.61,1
180.04,166.69,1
172.41,163.22,1
134.09,156.84,1
122.99,153.37,1
183.96,167.39,1
172.83,154.47,1
180.47,166.97,1
186.74,170.56,1
143.69,153.40,1
176.76,167.69,1
178.30,165.25,1
180.94,157.98,1
138.86,153.92,1
204.28,179.63,1
167.48,166.41,1
192.09,175.91,1
186.21,157.49,1
179.05,156.20,1
117.50,147.93,1
156.43,155.06,1
223.70,174.13,1
158.59,159.40,1
145.62,157.71,1
166.95,153.69,1
156.43,158.85,1
167.34,155.69,1
199.27,172.48,1
120.36,143.43,1
216.57,183.00,1
152.02,146.10,1
192.89,174.29,1
137.38,153.22,1
185.66,159.80,1
184.61,163.66,1
160.85,160.98,1
173.79,157.37,1
190.57,172.54,1
152.91,169.97,1
199.53,172.68,1
222.51,173.37,1
188.85,165.28,1
191.23,174.07,1
136.97,156.78,1
137.43,144.60,1
191.00,173.45,1
166.20,164.06,1
146.59,153.27,1
178.01,162.86,1
177.99,162.37,1
180.90,167.20,1
153.75,160.88,1
151.84,154.75,1
193.44,173.99,1
158.48,157.40,1
210.85,168.58,1
137.23,154.44,1
168.73,153.98,1
105.68,152.70,1
156.91,163.27,1
175.26,169.84,1
147.88,155.34,1
194.35,167.31,1
105.34,141.29,1
163.37,165.22,1
163.97,160.58,1
131.78,151.91,1
150.57,160.67,1
140.73,150.53,1
226.09,183.31,1
124.23,152.26,1
198.71,161.85,1
153.53,166.39,1
155.75,165.04,1
188.95,161.14,1
181.59,162.92,1
179.34,175.60,1
160.47,163.77,1
179.11,173.40,1
201.75,175.76,1
180.03,180.32,1
149.04,153.24,1
185.40,163.37,1
155.12,152.32,1
201.77,168.98,1
145.50,159.86,1
247.66,179.42,1
171.85,163.17,1
167.53,165.64,1
211.28,167.40,1
176.76,165.88,1
157.37,162.28,1
171.30,164.47,1
155.94,161.04,1
173.58,171.59,1
132.67,159.31,1
144.85,164.85,1
153.99,166.82,1
175.83,161.70,1
195.69,171.13,1
206.42,180.20,1
199.59,169.71,1
190.60,169.65,1
195.67,172.49,1
152.97,162.97,1
213.24,167.07,1
152.83,166.71,1
153.19,158.27,1
170.58,156.87,1
195.06,164.85,1
175.21,162.80,1
170.10,164.24,1
175.16,164.82,1
146.13,166.87,1
151.52,157.07,1
209.41,165.20,1
174.62,161.30,1
156.07,156.88,1
161.06,159.16,1
184.57,167.77,1
174.94,171.84,1
189.34,173.15,1
177.06,164.49,1
154.40,157.56,1
168.49,156.38,1
182.71,165.54,1
129.51,149.72,1
183.97,172.45,1
187.33,174.76,1
179.77,158.95,1
156.02,162.46,1
208.78,178.72,1
191.69,170.51,1
181.27,168.37,1
149.48,158.37,1
200.35,170.96,1
205.31,167.84,1
153.53,154.16,1
186.07,169.68,1
191.65,173.46,1
153.77,151.99,1
191.47,164.61,1
199.58,164.00,1
190.87,171.54,1
191.61,170.19,1
141.60,161.37,1
158.82,156.37,1
190.98,159.24,1
151.51,155.73,1
163.89,160.48,1
146.46,156.27,1
222.12,182.58,1
223.61,177.33,1
179.65,175.47,1
193.04,169.39,1
161.51,169.15,1
198.10,172.58,1
154.73,156.56,1
144.78,163.73,1
187.72,168.21,1
118.77,155.19,1
162.97,158.10,1
241.63,182.46,1
82.04,142.09,1
171.69,162.90,1
188.15,173.31,1
121.24,148.78,1
188.30,159.80,1
164.92,164.58,1
150.78,156.59,1
162.65,164.88,1
173.52,150.39,1
215.07,172.50,1
185.15,173.96,1
177.47,164.53,1
183.94,168.23,1
173.95,168.67,1
173.03,163.52,1
199.75,166.18,1
175.85,162.56,1
208.79,176.78,1
214.85,181.77,1
153.63,151.06,1
152.82,153.16,1
169.02,154.26,1
179.86,168.54,1
184.10,164.14,1
185.71,161.71,1
117.36,154.07,1
212.97,185.87,1
162.82,151.55,1
157.11,162.71,1
168.00,162.04,1
198.83,168.19,1
185.82,172.38,1
171.99,161.36,1
122.41,154.42,1
132.58,158.94,1
149.23,164.75,1
188.13,168.31,1
155.31,158.09,1
178.57,170.98,1
187.03,169.48,1
142.57,157.33,1
193.94,164.34,1
145.92,147.64,1
167.68,167.48,1
156.33,163.04,1
124.98,149.85,1
198.01,172.21,1
173.75,169.73,1
169.87,162.77,1
203.80,169.46,1
191.17,166.23,1
153.23,160.34,1
162.80,157.34,1
147.84,146.88,1
140.46,157.60,1
139.70,165.98,1
159.76,159.89,1
179.03,158.44,1
169.84,166.31,1
181.49,166.46,1
143.68,157.34,1
106.59,155.73,1
105.99,139.96,1
144.06,155.71,1
201.55,177.67,1
165.47,163.16,1
144.10,164.24,1
178.24,170.81,1
199.78,167.36,1
210.32,178.13,1
171.06,154.80,1
146.23,160.31,1
169.14,161.71,1
187.92,166.31,1
155.77,164.64,1
149.34,164.43,1
156.80,160.31,1
185.84,170.50,1
212.55,173.55,1
180.90,157.13,1
203.60,173.04,1
215.04,169.34,1
161.82,162.66,1
227.05,178.61,1
163.36,169.81,1
147.26,153.26,1
170.33,166.36,1
179.90,169.63,1
145.11,166.72,1
145.33,160.63,1
171.70,162.01,1
165.50,168.82,1
156.75,160.36,1
193.55,169.41,1
120.21,153.03,1
135.71,139.50,1
172.91,163.35,1
162.07,164.22,1
176.18,158.31,1
161.90,159.16,1
174.80,165.43,1
167.21,170.15,1
136.31,151.67,1
187.85,169.38,1
161.45,154.15,1
184.31,167.39,1
123.00,147.94,1
196.80,167.39,1
157.40,152.83,1
161.35,166.57,1
142.98,148.11,1
148.72,162.06,1
131.76,145.68,1
132.68,147.68,1
149.56,153.49,1
130.85,149.21,1
195.91,173.04,1
158.13,153.87,1
150.02,160.41,1
175.77,163.39,1
162.21,162.23,1
140.64,152.85,1
136.48,156.35,1
223.46,181.18,1
174.52,159.48,1
156.07,161.70,1
147.80,157.00,1
151.51,160.39,1
127.98,153.40,1
155.71,158.73,1
215.00,167.20,1
187.16,165.60,1
151.44,150.13,1
170.15,164.84,1
166.03,160.98,1
174.54,168.51,1
160.76,161.12,1
221.65,172.73,1
199.04,167.07,1
211.23,173.81,1
150.10,160.78,1
188.78,158.52,1
189.51,172.59,1
129.73,157.27,1
124.37,155.07,1
169.63,170.23,1
167.25,168.50,1
174.79,158.64,1
121.90,151.43,1
153.59,158.41,1
174.23,163.78,1
153.14,156.97,1
185.40,165.86,1
183.11,160.85,1
174.10,161.18,1
161.39,160.71,1
173.01,161.95,1
202.49,172.27,1
200.65,169.67,1
203.67,170.20,1
214.42,178.50,1
140.07,158.45,1
214.20,178.37,1
143.93,157.48,1
100.72,151.27,1
187.19,166.79,1
153.36,161.69,1
185.98,170.35,1
133.30,158.06,1
158.75,156.35,1
139.63,156.11,1
126.67,149.23,1
152.76,163.90,1
133.85,160.38,1
134.39,155.88,1
213.76,172.27,1
141.03,158.10,1
154.25,156.79,1
175.10,168.94,1
174.38,162.70,1
169.01,162.78,1
137.29,160.13,1
196.59,176.66,1
237.15,182.59,1
178.95,162.41,1
191.83,178.32,1
186.38,162.08,1
158.35,160.06,1
184.29,168.09,1
176.96,168.70,1
188.34,171.78,1
161.14,160.85,1
132.31,142.71,1
168.51,157.62,1
185.98,164.14,1
192.86,163.69,1
192.61,159.71,1
202.11,170.38,1
141.24,162.42,1
190.38,169.46,1
164.09,175.41,1
194.52,172.62,1
201.03,175.69,1
158.31,167.76,1
171.84,158.33,1
139.52,160.95,1
141.87,160.79,1
238.29,178.15,1
179.93,158.63,1
158.54,170.79,1
199.93,167.82,1
151.31,155.15,1
195.83,178.05,1
147.00,159.03,1
126.40,149.05,1
155.07,152.01,1
136.98,148.52,1
184.91,166.38,1
147.08,153.13,1
207.97,174.16,1
189.19,167.69,1
167.68,168.30,1
218.28,174.56,1
146.80,151.46,1
195.61,173.00,1
126.70,146.14,1
191.43,170.08,1
207.99,162.60,1
145.27,157.48,1
139.10,151.53,1
207.95,174.26,1
174.42,164.52,1
166.70,168.29,1
194.93,177.52,1
211.12,177.51,1
139.61,156.93,1
191.15,161.22,1
151.88,155.14,1
255.29,190.12,1
172.36,159.88,1
184.79,171.56,1
137.37,161.64,1
138.66,161.92,1
165.90,158.89,1
234.61,173.91,1
172.50,161.39,1
210.34,173.43,1
191.46,171.32,1
148.71,147.89,1
139.65,143.71,1
191.30,172.59,1
231.00,179.21,1
176.27,159.47,1
206.17,177.59,1
123.67,148.92,1
132.67,150.10,1
222.27,177.41,1
162.58,151.71,1
178.92,171.43,1
153.37,157.58,1
173.68,165.67,1
149.70,164.54,1
210.73,179.99,1
176.45,167.18,1
155.87,157.10,1
174.95,167.34,1
213.84,178.08,1
156.54,155.30,1
176.49,167.73,1
186.79,159.80,1
151.93,156.54,1
152.75,157.05,1
176.18,164.38,1
201.05,172.69,1
167.58,152.08,1
175.82,163.25,1
212.65,177.72,1
189.45,164.59,1
131.75,153.15,1
185.99,165.54,1
137.67,145.80,1
164.39,160.64,1
194.90,170.39,1
157.58,165.59,1
166.90,172.23,1
179.62,167.58,1
144.04,160.55,1
169.62,165.51,1
151.04,150.94,1
171.77,161.52,1
167.55,162.40,1
185.87,176.48,1
167.61,172.25,1
136.37,153.98,1
165.01,153.04,1
168.22,163.41,1
172.65,164.03,1
181.98,163.03,1
155.81,160.52,1
184.76,171.16,1
139.50,154.05,1
133.12,163.97,1
172.60,160.42,1
174.83,163.38,1
175.01,169.09,1
189.47,163.65,1
140.43,155.17,1
138.68,153.64,1
211.27,177.22,1
149.85,159.62,1
148.96,164.85,1
162.72,168.91,1
161.39,156.73,1
181.25,166.28,1
159.61,157.88,1
191.10,176.05,1
197.75,163.76,1
121.21,148.13,1
153.98,166.97,1
158.29,151.82,1
121.85,157.86,1
131.24,154.07,1
181.75,167.13,1
158.78,159.95,1
125.74,157.82,1
146.95,158.41,1
134.91,155.37,1
172.65,153.41,1
109.50,154.82,1
129.42,150.91,1
238.39,182.97,1
177.80,165.75,1
137.38,155.30,1
197.61,164.52,1
210.04,174.96,1
191.27,180.95,1
189.26,165.54,1
196.99,177.70,1
142.58,157.81,1
190.21,163.33,1
139.45,155.60,1
179.38,170.68,1
149.71,162.70,1
216.62,173.85,1
183.26,175.16,1
150.92,157.17,1
165.65,153.27,1
167.48,153.23,1
187.78,168.79,1
159.49,157.67,1
197.09,176.35,1
150.06,163.21,1
202.37,164.27,1
215.97,170.25,1
168.62,160.65,1
232.09,181.84,1
168.26,173.45,1
152.14,157.66,1
193.28,167.79,1
177.37,157.79,1
167.87,172.88,1
179.15,172.25,1
166.44,161.99,1
126.73,158.26,1
167.39,150.05,1
182.49,162.40,1
201.67,161.43,1
121.25,150.23,1
154.83,153.08,1
173.49,161.52,1
195.59,170.17,1
150.31,162.87,1
177.87,166.28,1
200.51,173.07,1
175.87,163.88,1
165.57,170.81,1
175.01,154.82,1
144.84,156.51,1
118.55,155.62,1
155.72,159.87,1
212.68,174.47,1
189.78,164.63,1
139.65,150.63,1
130.60,157.81,1
227.40,180.56,1
146.04,156.33,1
165.03,150.89,1
208.96,182.11,1
199.86,168.34,1
105.08,141.35,1
242.76,183.87,1
156.52,159.71,1
204.55,178.39,1
211.80,175.91,1
222.67,180.92,1
153.01,150.08,1
175.78,170.80,1
135.30,150.70,1
186.02,158.02,1
161.64,152.23,1
157.67,159.07,1
152.79,162.03,1
128.95,160.21,1
151.23,166.80,1
111.03,152.92,1
185.99,161.07,1
158.40,164.50,1
173.66,152.86,1
166.43,166.16,1
208.46,171.48,1
212.64,174.85,1
216.95,179.97,1
144.51,170.90,1
142.06,157.63,1
162.49,164.50,1
167.46,161.39,1
175.26,164.70,1
183.00,161.91,1
142.58,155.38,1
188.65,173.96,1
142.27,151.15,1
194.60,172.70,1
210.72,172.85,1
157.63,159.61,1
133.32,148.53,1
169.18,169.26,1
167.44,166.28,1
133.30,150.58,1
127.69,154.01,1
150.98,154.63,1
159.31,162.66,1
236.73,178.05,1
142.38,159.73,1
192.81,169.58,1
144.63,156.81,1
170.01,171.93,1
196.40,166.33,1
142.00,156.18,1
145.20,148.69,1
191.99,177.80,1
215.86,170.05,1
192.90,162.49,1
138.17,148.85,1
203.14,175.45,1
166.82,149.00,1
136.33,147.99,1
151.46,157.15,1
176.00,159.11,1
188.59,160.53,1
187.24,162.90,1
175.56,155.53,1
152.99,158.55,1
172.92,157.15,1
151.69,155.39,1
181.01,171.45,1
153.32,154.96,1
135.68,158.49,1
232.59,178.22,1
182.32,167.17,1
115.37,144.05,1
162.90,158.68,1
204.42,174.86,1
202.86,169.07,1
200.49,171.41,1
210.81,166.41,1
189.17,175.51,1
150.11,162.54,1
176.99,163.74,1
165.28,157.10,1
150.57,164.06,1
158.06,159.03,1
173.69,161.47,1
168.52,154.00,1
191.00,168.14,1
166.62,165.84,1
140.10,154.69,1
136.24,158.49,1
189.50,169.66,1
174.19,157.84,1
172.82,158.25,1
186.99,163.06,1
136.38,145.06,1
163.43,159.15,1
158.60,165.76,1
140.65,156.94,1
175.21,159.53,1
172.51,166.75,1
152.54,161.52,1
192.46,169.05,1
152.07,165.77,1
206.67,171.25,1
170.02,166.77,1
150.97,156.50,1
171.23,166.39,1
176.79,179.65,1
154.99,157.44,1
150.21,155.73,1
167.61,155.63,1
139.22,154.76,1
183.46,167.93,1
158.41,161.63,1
173.50,168.66,1
181.50,166.08,1
208.31,178.33,1
143.62,158.94,1
143.96,163.26,1
168.71,159.85,1
148.69,158.59,1
161.86,163.26,1
186.64,175.03,1
133.66,157.33,1
168.99,163.81,1
143.80,158.96,1
153.02,163.83,1
136.30,147.11,1
174.72,162.66,1
162.29,163.08,1
154.99,155.33,1
154.32,153.52,1
121.42,147.07,1
179.38,159.95,1
171.34,159.42,1
155.60,158.51,1
143.58,160.37,1
136.46,149.45,1
153.01,151.44,1
161.81,160.05,1
159.90,169.59,1
180.68,157.05,1
157.76,156.40,1
160.93,162.39,1
167.67,163.12,1
188.16,176.32,1
130.28,159.97,1
168.08,167.82,1
147.94,161.45,1
137.99,147.35,1
161.83,162.37,1
113.87,149.70,1
187.14,167.89,1
187.95,158.12,1
206.65,173.47,1
171.39,161.90,1
191.07,167.00,1
181.19,165.01,1
172.53,163.40,1
161.65,158.03,1
167.30,160.28,1
155.48,157.88,1
160.28,165.27,1
172.26,160.02,1
196.88,177.41,1
179.12,171.40,1
135.79,154.53,1
166.10,156.93,1
169.57,165.38,1
117.65,155.05,1
186.44,169.51,1
181.59,165.72,1
150.98,147.68,1
157.17,162.80,1
189.50,164.97,1
192.99,174.69,1
179.76,160.61,1
139.17,154.08,1
269.09,190.69,1
189.66,167.70,1
153.22,159.51,1
156.24,156.26,1
165.04,161.04,1
179.90,153.64,1
187.86,170.61,1
155.55,153.06,1
179.80,169.43,1
150.86,167.52,1
162.43,156.54,1
158.83,157.70,1
151.75,153.48,1
194.37,172.77,1
157.43,165.54,1
120.83,142.01,1
152.00,157.19,1
157.44,160.08,1
174.03,168.16,1
136.84,156.89,1
181.72,157.71,1
133.30,153.17,1
179.47,162.41,1
198.56,166.55,1
122.61,162.42,1
202.18,181.74,1
143.26,157.14,1
176.40,156.74,1
156.73,158.50,1
212.63,171.02,1
153.83,158.39,1
203.16,170.81,1
172.71,164.85,1
198.94,174.35,1
160.30,166.56,1
208.66,167.30,1
176.63,154.12,1
156.90,153.25,1
169.42,160.04,1
194.16,172.39,1
215.34,173.96,1
167.89,162.29,1
218.15,179.67,1
180.99,158.69,1
144.16,156.73,1
148.46,155.74,1
120.33,150.54,1
156.36,164.87,1
155.73,164.13,1
201.61,167.18,1
142.57,166.36,1
172.17,155.28,1
183.05,164.33,1
147.09,155.32,1
172.90,160.68,1
164.76,171.00,1
129.11,145.13,1
175.45,165.98,1
221.34,169.79,1
188.21,167.02,1
178.54,165.88,1
154.23,160.72,1
146.25,157.50,1
168.59,160.28,1
147.22,162.76,1
205.85,170.55,1
194.12,167.67,1
219.84,173.40,1
174.24,165.70,1
184.94,171.30,1
158.46,156.91,1
144.57,150.90,1
168.04,156.67,1
200.64,177.56,1
212.30,171.36,1
174.65,170.08,1
149.72,152.00,1
178.31,162.38,1
153.17,154.36,1
179.08,166.25,1
145.49,152.41,1
147.47,154.15,1
145.66,153.04,1
142.28,150.60,1
137.50,159.92,1
145.56,159.35,1
178.52,155.38,1
146.25,151.44,1
190.19,167.80,1
179.14,166.67,1
175.11,167.29,1
190.04,174.06,1
163.65,161.92,1
179.93,167.57,1
200.16,172.46,1
183.18,164.63,1
143.58,159.38,1
132.16,154.13,1
168.26,167.28,1
196.15,166.27,1
160.14,162.38,1
176.53,152.56,1
187.12,159.24,1
189.31,164.73,1
145.02,149.30,1
134.56,148.45,1
148.70,152.63,1
215.23,168.25,1
155.41,142.14,1
177.86,167.45,1
130.89,160.01,1
193.61,164.42,1
117.55,157.45,1
163.49,155.74,1
151.00,155.27,1
143.02,159.14,1
184.39,162.26,1
137.19,153.05,1
161.12,163.17,1
186.86,165.60,1
145.52,155.01,1
158.76,157.16,1
153.31,152.21,1
181.40,158.74,1
178.20,173.24,1
206.03,171.46,1
181.41,177.56,1
157.02,163.00,1
182.73,155.66,1
177.31,171.42,1
175.83,159.56,1
198.13,168.34,1
141.96,160.41,1
137.56,153.48,1
170.83,163.60,1
195.28,167.16,1
182.17,157.87,1
191.95,167.81,1
177.93,159.59,1
226.25,177.89,1
151.99,160.48,1
150.03,156.67,1
175.88,166.82,1
160.69,169.74,1
162.19,157.06,1
181.07,155.91,1
218.81,185.99,1
173.39,166.25,1
157.66,159.88,1
176.50,166.22,1
143.15,156.09,1
222.51,166.27,1
201.13,172.75,1
191.86,172.48,1
116.96,143.96,1
143.46,154.31,1
184.93,168.30,1
152.12,170.69,1
201.11,174.45,1
215.94,175.71,1
220.93,178.32,1
180.34,153.73,1
172.65,164.65,1
184.37,177.52,1
177.60,159.35,1
192.25,170.51,1
131.70,145.54,1
137.53,147.59,1
177.37,167.69,1
172.46,160.56,1
175.95,163.71,1
163.98,163.05,1
128.67,142.78,1
175.56,163.47,1
186.78,164.53,1
152.78,175.69,1
142.08,143.64,1
151.12,150.33,1
200.87,176.21,1
203.81,167.26,1
138.00,158.16,1
156.22,160.24,1
160.19,164.18,1
201.58,169.82,1
176.13,158.57,1
183.75,165.37,1
201.02,169.40,1
138.78,161.48,1
160.49,163.57,1
146.69,166.77,1
159.82,161.95,1
167.62,169.73,1
174.85,159.64,1
145.47,169.90,1
161.06,171.26,1
187.75,165.66,1
130.49,155.53,1
188.75,167.91,1
175.76,164.99,1
173.71,155.18,1
195.89,165.82,1
172.14,165.18,1
183.08,163.60,1
185.13,170.50,1
137.92,160.95,1
151.36,156.65,1
165.05,160.83,1
156.22,154.43,1
109.66,147.66,1
171.76,164.31,1
153.99,154.70,1
168.62,158.64,1
148.92,148.41,1
186.24,160.42,1
163.19,154.17,1
214.78,177.03,1
122.35,150.65,1
174.93,169.23,1
95.18,143.96,1
167.62,164.29,1
165.80,157.87,1
174.99,159.26,1
162.60,157.40,1
162.73,158.19,1
177.10,165.57,1
136.99,151.04,1
171.32,166.89,1
116.17,154.50,1
135.44,152.52,1
176.67,163.35,1
186.16,167.72,1
156.43,161.09,1
201.88,167.29,1
205.05,169.14,1
169.05,160.55,1
170.28,170.76,1
177.78,165.23,1
206.35,177.20,1
135.23,150.21,1
187.09,169.17,1
164.64,153.07,1
183.20,161.60,1
173.78,160.69,1
193.06,174.70,1
176.24,170.09,1
181.32,173.19,1
198.47,165.63,1
142.24,157.45,1
172.19,159.18,1
142.10,153.74,1
212.94,177.57,1
185.37,165.41,1
158.13,156.70,1
170.54,155.47,1
188.64,167.53,1
144.46,158.04,1
138.59,154.17,1
137.79,156.94,1
126.80,151.69,1
144.81,163.11,1
183.09,154.73,1
179.67,170.12,1
161.55,157.16,1
136.02,157.30,1
174.27,162.15,1
167.94,172.30,1
156.39,164.65,1
164.08,163.98,1
156.03,161.52,1
179.64,173.83,1
128.11,149.54,1
158.73,164.61,1
150.87,172.15,1
187.72,161.29,1
174.14,163.74,1
143.66,157.61,1
184.76,175.87,1
172.66,165.86,1
155.57,162.55,1
164.36,161.55,1
151.74,161.69,1
169.02,164.81,1
142.36,158.88,1
165.97,166.25,1
172.65,165.76,1
91.17,137.53,1
163.85,161.13,1
146.00,151.15,1
170.29,166.58,1
196.82,174.38,1
135.20,159.15,1
166.46,162.58,1
155.94,162.42,1
177.49,156.29,1
127.37,155.75,1
142.50,164.05,1
144.48,156.52,1
135.43,145.96,1
190.19,174.91,1
170.10,158.58,1
119.49,155.42,1
147.77,162.00,1
180.92,167.13,1
204.02,169.82,1
162.69,164.21,1
200.04,161.33,1
155.18,159.52,1
175.09,162.75,1
171.49,161.92,1
208.65,171.73,1
200.51,170.36,1
149.94,162.37,1
162.09,162.39,1
184.18,164.64,1
154.93,162.37,1
167.07,159.30,1
163.81,153.25,1
193.82,168.97,1
184.37,168.13,1
168.74,161.35,1
150.97,158.71,1
184.16,172.38,1
158.98,157.28,1
151.08,157.22,1
164.75,163.42,1
131.78,139.50,1
168.62,163.88,1
109.28,150.77,1
125.02,152.09,1
153.84,156.00,1
125.95,149.19,1
155.10,158.04,1
218.15,175.64,1
175.59,162.39,1
172.20,159.32,1
129.94,156.04,1
139.03,148.77,1
193.24,172.73,1
193.98,167.30,1
177.09,167.36,1
158.83,160.14,1
165.62,159.67,1
196.53,162.19,1
146.28,152.53,1
162.29,159.41,1
191.44,164.15,1
186.75,174.82,1
192.14,173.36,1
154.03,158.18,1
160.72,159.10,1
149.45,155.67,1
202.07,170.46,1
143.18,152.23,1
184.69,160.67,1
158.73,153.79,1
158.41,155.30,1
175.46,160.11,1
196.29,176.64,1
162.55,157.47,1
126.59,155.23,1
168.24,156.35,1
191.61,174.45,1
168.65,168.29,1
182.29,169.81,1
181.74,166.77,1
164.68,159.71,1
182.69,166.52,1
166.06,166.59,1
237.53,176.70,1
153.52,152.02,1
167.34,165.22,1
164.51,166.43,1
140.20,154.46,1
180.42,169.24,1
147.51,162.20,1
156.56,147.03,1
149.29,160.61,1
169.65,176.51,1
156.67,153.57,1
129.21,157.08,1
120.02,146.40,1
230.59,189.12,1
135.90,150.03,1
160.50,160.86,1
179.42,170.68,1
180.93,158.41,1
141.40,149.12,1
180.00,165.89,1
154.93,156.41,1
183.41,167.64,1
162.83,151.60,1
169.27,162.05,1
149.56,156.22,1
201.68,170.53,1
165.81,155.41,1
194.29,168.43,1
140.98,156.13,1
223.00,176.52,1
168.28,168.05,1
184.34,171.64,1
146.87,147.80,1
208.57,172.50,1
164.25,172.01,1
136.46,155.27,1
143.33,163.64,1
159.67,161.81,1
164.87,151.88,1
154.32,159.89,1
167.51,154.77,1
253.25,180.32,1
156.46,162.67,1
193.00,170.58,1
90.23,147.51,1
138.34,147.56,1
162.37,151.92,1
135.22,149.84,1
161.62,154.00,1
222.78,169.53,1
198.19,166.64,1
144.02,161.04,1
158.72,162.14,1
161.13,171.55,1
162.12,160.06,1
202.23,162.49,1
135.60,150.75,1
167.54,170.74,1
130.97,148.90,1
148.71,160.46,1
129.41,155.39,1
138.05,148.31,1
176.68,167.65,1
164.01,158.44,1
187.13,161.46,1
176.32,160.42,1
162.00,157.04,1
152.40,159.97,1
145.06,161.64,1
171.15,161.38,1
206.77,162.58,1
151.46,149.08,1
165.91,159.38,1
172.93,158.84,1
190.50,169.01,1
130.59,158.68,1
192.24,163.09,1
146.47,157.82,1
186.49,175.30,1
168.97,157.95,1
223.39,179.66,1
184.97,156.35,1
173.23,168.96,1
151.25,159.29,1
139.14,163.01,1
155.90,165.19,1
193.27,166.27,1
169.91,164.14,1
160.67,159.17,1
188.31,160.10,1
210.84,170.08,1
139.71,149.58,1
186.11,166.32,1
155.00,166.89,1
102.72,155.27,1
176.58,158.31,1
197.06,158.50,1
156.04,159.17,1
166.85,155.51,1
161.78,158.20,1
151.43,162.76,1
161.31,167.76,1
216.16,170.55,1
161.17,160.76,1
217.72,179.63,1
184.75,170.84,1
174.90,161.30,1
173.04,166.27,1
170.32,172.18,1
166.27,158.14,1
164.61,164.73,1
168.46,159.11,1
162.30,162.58,1
246.05,182.46,1
160.84,173.71,1
193.67,174.96,1
132.96,156.02,1
152.36,158.12,1
200.10,164.87,1
116.80,154.73,1
156.24,149.94,1
152.50,160.46,1
168.71,163.47,1
205.03,163.74,1
178.41,167.67,1
170.55,172.33,1
140.15,155.15,1
203.26,184.56,1
179.80,164.88,1
201.98,170.38,1
148.47,155.76,1
187.47,167.91,1
207.54,166.92,1
196.50,175.79,1
136.02,156.39,1
158.51,159.03,1
132.88,150.49,1
152.96,152.97,1
129.16,152.13,1
162.69,159.73,1
144.74,149.69,1
191.67,177.97,1
165.28,166.59,1
173.44,177.17,1
120.11,154.05,1
119.95,150.21,1
150.35,159.27,1
165.05,172.01,1
156.00,169.29,1
201.73,174.04,1
184.60,168.11,1
173.45,158.60,1
182.42,168.01,1
134.42,157.80,1
142.25,151.68,1
143.02,154.12,1
167.38,163.95,1
193.24,170.26,1
185.45,159.99,1
154.18,158.88,1
154.82,156.26,1
226.91,181.06,1
186.15,174.62,1
191.26,170.40,1
157.85,166.01,1
167.21,171.50,1
146.57,155.60,1
212.94,174.08,1
186.87,170.12,1
142.52,151.07,1
153.70,157.15,1
159.93,156.48,1
127.63,152.55,1
147.95,166.93,1
177.66,177.17,1
224.74,178.91,1
186.77,171.17,1
161.87,158.96,1
139.39,153.08,1
205.74,172.27,1
176.61,162.51,1
112.12,152.74,1
185.00,163.94,1
184.20,160.03,1
130.36,156.60,1
175.31,164.82,1
161.05,166.50,1
150.21,161.02,1
262.92,185.66,1
179.31,155.39,1
179.87,161.28,1
184.19,166.99,1
154.95,157.00,1
214.60,179.66,1
201.39,168.00,1
153.50,160.31,1
211.07,170.40,1
168.33,161.80,1
188.15,163.20,1
178.37,157.33,1
161.44,154.66,1
124.08,141.83,1
207.69,171.35,1
153.47,151.97,1
178.06,166.78,1
160.38,160.19,1
188.23,171.83,1
168.05,169.43,1
174.07,157.65,1
165.70,159.65,1
156.34,159.62,1
139.49,149.03,1
155.89,163.66,1
152.43,160.37,1
145.96,157.74,1
190.06,170.34,1
195.63,171.72,1
164.97,160.83,1
150.43,162.69,1
182.49,173.11,1
152.19,152.99,1
127.97,159.57,1
208.46,178.14,1
149.05,171.22,1
221.89,185.25,1
178.79,166.84,1
175.20,162.01,1
198.62,180.20,1
137.60,149.34,1
167.93,159.13,1
178.97,164.73,1
171.33,167.83,1
174.66,153.62,1
172.82,161.92,1
146.78,159.22,1
142.15,148.13,1
153.16,158.66,1
131.53,154.47,1
212.87,173.69,1
178.78,169.72,1
168.71,165.02,1
146.57,157.84,1
179.70,163.33,1
132.61,162.96,1
182.53,169.62,1
158.24,154.29,1
204.34,170.75,1
185.26,167.61,1
164.47,155.18,1
157.28,159.85,1
128.89,160.22,1
130.20,148.00,1
149.11,150.17,1
146.30,153.93,1
180.97,161.58,1
176.61,169.71,1
215.47,171.55,1
193.68,171.36,1
157.63,157.03,1
169.16,159.81,1
170.89,161.77,1
195.58,170.97,1
140.05,161.33,1
140.54,154.34,1
136.81,158.48,1
174.79,165.43,1
141.76,147.94,1
166.18,174.47,1
163.41,155.01,1
191.31,175.10,1
128.24,150.54,1
201.43,170.84,1
166.98,166.39,1
156.73,160.64,1
170.64,166.43,1
145.85,162.57,1
164.18,155.21,1
194.20,164.39,1
174.58,153.04,1
167.71,154.66,1
158.13,164.28,1
162.32,169.83,1
187.41,168.00,1
131.26,145.75,1
142.99,151.16,1
157.69,152.17,1
116.78,153.12,1
133.88,155.76,1
150.59,157.81,1
197.85,164.08,1
166.08,161.06,1
186.53,161.94,1
149.25,156.25,1
178.64,164.98,1
170.68,162.94,1
148.54,157.72,1
190.26,166.91,1
169.88,156.14,1
193.89,163.69,1
226.62,186.53,1
161.83,155.27,1
193.30,170.55,1
150.99,153.75,1
163.46,168.24,1
152.27,159.69,1
138.83,158.56,1
147.47,151.17,1
194.65,164.45,1
180.20,165.49,1
159.20,159.47,1
156.08,156.87,1
158.70,171.19,1
178.82,165.41,1
138.88,158.27,1
190.62,165.80,1
189.26,167.87,1
143.23,166.17,1
178.68,162.36,1
163.62,159.15,1
185.65,171.94,1
188.21,165.12,1
101.26,155.72,1
201.97,174.04,1
115.16,147.16,1
192.67,152.62,1
178.75,159.60,1
205.30,180.94,1
146.75,156.77,1
246.01,183.68,1
149.63,160.43,1
177.97,173.10,1
166.88,156.23,1
166.93,162.78,1
150.70,161.68,1
215.60,185.45,1
201.49,174.00,1
206.28,181.88,1
161.38,148.74,1
169.21,163.51,1
137.44,153.43,1
170.31,167.29,1
200.92,161.91,1
215.24,175.17,1
198.87,179.21,1
155.04,153.34,1
177.02,157.26,1
140.72,151.87,1
179.71,163.82,1
203.51,166.36,1
212.61,178.06,1
146.02,172.51,1
193.20,175.79,1
134.37,151.83,1
221.85,170.70,1
142.39,164.71,1
179.92,160.78,1
123.43,150.11,1
136.72,144.33,1
183.37,163.09,1
165.16,152.95,1
132.86,148.98,1
108.21,153.36,1
160.42,165.87,1
159.07,168.90,1
163.97,155.93,1
158.61,165.62,1
198.75,178.21,1
138.54,145.38,1
153.86,157.71,1
211.72,179.18,1
137.53,158.64,1
157.42,158.46,1
161.21,169.11,1
149.54,155.00,1
160.46,155.16,1
217.22,182.11,1
158.44,155.76,1
200.56,169.91,1
172.67,164.75,1
169.37,162.83,1
126.10,164.75,1
147.94,157.31,1
137.01,156.58,1
183.39,169.40,1
160.44,159.36,1
202.38,167.95,1
184.71,170.12,1
200.13,179.10,1
147.18,149.58,1
146.25,156.87,1
167.10,161.76,1
80.70,139.48,1
173.11,164.76,1
143.31,154.24,1
167.97,159.90,1
194.25,175.68,1
143.92,156.22,1
193.85,169.15,1
124.84,147.33,1
147.24,163.51,1
172.47,164.11,1
171.26,165.18,1
209.02,169.95,1
147.39,158.02,1
145.35,160.94,1
188.66,169.84,1
203.31,175.05,1
190.46,168.26,1
144.18,158.77,1
178.00,172.93,1
176.11,159.30,1
175.78,157.75,1
155.69,160.54,1
181.29,165.79,1
169.90,162.56,1
151.99,165.01,1
166.32,161.00,1
148.85,164.85,1
170.66,160.71,1
177.14,160.77,1
145.65,164.06,1
193.61,172.60,1
151.03,158.77,1
166.71,155.93,1
173.97,167.33,1
234.11,183.18,1
148.66,152.16,1
194.61,169.10,1
172.63,160.77,1
157.87,157.79,1
198.59,177.20,1
173.42,154.19,1
207.50,174.43,1
194.74,170.78,1
135.01,156.32,1
170.60,164.06,1
180.06,166.92,1
179.18,167.80,1
199.49,174.90,1
156.72,156.15,1
155.22,159.89,1
198.28,162.04,1
147.54,155.02,1
176.30,168.52,1
229.02,175.39,1
161.58,166.42,1
198.60,167.46,1
137.44,157.20,1
117.76,149.32,1
167.31,161.08,1
215.04,174.48,1
132.74,152.01,1
157.54,157.15,1
146.09,162.65,1
187.97,167.43,1
159.26,172.15,1
150.88,159.25,1
170.85,155.51,1
126.07,150.25,1
182.47,163.17,1
140.23,161.01,1
